1.000000000000000000e+00 7.845029994222362246e-01 6.185648523840676649e-01 1.000000000000000000e+00 1.000000000000000000e+00 6.185648523840676649e-01 1.000000000000000000e+00 7.508872577274092741e-01 6.185648523840676649e-01 1.000000000000000000e+00 1.000000000000000000e+00 1.000000000000000000e+00 1.000000000000000000e+00 1.000000000000000000e+00 1.000000000000000000e+00 1.000000000000000000e+00
7.845029994222362246e-01 1.000000000000000000e+00 5.503197610454930722e-01 7.845029994222362246e-01 7.845029994222362246e-01 5.503197610454930722e-01 7.845029994222362246e-01 6.630812232827282271e-01 5.503197610454930722e-01 7.845029994222362246e-01 7.845029994222362246e-01 7.845029994222362246e-01 7.845029994222362246e-01 7.845029994222362246e-01 7.845029994222362246e-01 7.845029994222362246e-01
6.185648523840676649e-01 5.503197610454930722e-01 1.000000000000000000e+00 6.185648523840676649e-01 6.185648523840676649e-01 4.523531973647495485e-01 6.185648523840676649e-01 5.687338928917853309e-01 4.523531973647495485e-01 6.185648523840676649e-01 6.185648523840676649e-01 6.185648523840676649e-01 6.185648523840676649e-01 6.185648523840676649e-01 6.185648523840676649e-01 6.185648523840676649e-01
1.000000000000000000e+00 7.845029994222362246e-01 6.185648523840676649e-01 1.000000000000000000e+00 1.000000000000000000e+00 6.185648523840676649e-01 1.000000000000000000e+00 7.508872577274092741e-01 6.185648523840676649e-01 1.000000000000000000e+00 1.000000000000000000e+00 1.000000000000000000e+00 1.000000000000000000e+00 1.000000000000000000e+00 1.000000000000000000e+00 1.000000000000000000e+00
1.000000000000000000e+00 7.845029994222362246e-01 6.185648523840676649e-01 1.000000000000000000e+00 1.000000000000000000e+00 6.185648523840676649e-01 1.000000000000000000e+00 7.508872577274092741e-01 6.185648523840676649e-01 1.000000000000000000e+00 1.000000000000000000e+00 1.000000000000000000e+00 1.000000000000000000e+00 1.000000000000000000e+00 1.000000000000000000e+00 1.000000000000000000e+00
6.185648523840676649e-01 5.503197610454930722e-01 4.523531973647495485e-01 6.185648523840676649e-01 6.185648523840676649e-01 1.000000000000000000e+00 6.185648523840676649e-01 5.296981590792497752e-01 1.000000000000000000e+00 6.185648523840676649e-01 6.185648523840676649e-01 6.185648523840676649e-01 6.185648523840676649e-01 6.185648523840676649e-01 6.185648523840676649e-01 6.185648523840676649e-01
1.000000000000000000e+00 7.845029994222362246e-01 6.185648523840676649e-01 1.000000000000000000e+00 1.000000000000000000e+00 6.185648523840676649e-01 1.000000000000000000e+00 7.508872577274092741e-01 6.185648523840676649e-01 1.000000000000000000e+00 1.000000000000000000e+00 1.000000000000000000e+00 1.000000000000000000e+00 1.000000000000000000e+00 1.000000000000000000e+00 1.000000000000000000e+00
7.508872577274092741e-01 6.630812232827282271e-01 5.687338928917853309e-01 7.508872577274092741e-01 7.508872577274092741e-01 5.296981590792497752e-01 7.508872577274092741e-01 1.000000000000000000e+00 5.296981590792497752e-01 7.508872577274092741e-01 7.508872577274092741e-01 7.508872577274092741e-01 7.508872577274092741e-01 7.508872577274092741e-01 7.508872577274092741e-01 7.508872577274092741e-01
6.185648523840676649e-01 5.503197610454930722e-01 4.523531973647495485e-01 6.185648523840676649e-01 6.185648523840676649e-01 1.000000000000000000e+00 6.185648523840676649e-01 5.296981590792497752e-01 1.000000000000000000e+00 6.185648523840676649e-01 6.185648523840676649e-01 6.185648523840676649e-01 6.185648523840676649e-01 6.185648523840676649e-01 6.185648523840676649e-01 6.185648523840676649e-01
1.000000000000000000e+00 7.845029994222362246e-01 6.185648523840676649e-01 1.000000000000000000e+00 1.000000000000000000e+00 6.185648523840676649e-01 1.000000000000000000e+00 7.508872577274092741e-01 6.185648523840676649e-01 1.000000000000000000e+00 1.000000000000000000e+00 1.000000000000000000e+00 1.000000000000000000e+00 1.000000000000000000e+00 1.000000000000000000e+00 1.000000000000000000e+00
1.000000000000000000e+00 7.845029994222362246e-01 6.185648523840676649e-01 1.000000000000000000e+00 1.000000000000000000e+00 6.185648523840676649e-01 1.000000000000000000e+00 7.508872577274092741e-01 6.185648523840676649e-01 1.000000000000000000e+00 1.000000000000000000e+00 1.000000000000000000e+00 1.000000000000000000e+00 1.000000000000000000e+00 1.000000000000000000e+00 1.000000000000000000e+00
1.000000000000000000e+00 7.845029994222362246e-01 6.185648523840676649e-01 1.000000000000000000e+00 1.000000000000000000e+00 6.185648523840676649e-01 1.000000000000000000e+00 7.508872577274092741e-01 6.185648523840676649e-01 1.000000000000000000e+00 1.000000000000000000e+00 1.000000000000000000e+00 1.000000000000000000e+00 1.000000000000000000e+00 1.000000000000000000e+00 1.000000000000000000e+00
1.000000000000000000e+00 7.845029994222362246e-01 6.185648523840676649e-01 1.000000000000000000e+00 1.000000000000000000e+00 6.185648523840676649e-01 1.000000000000000000e+00 7.508872577274092741e-01 6.185648523840676649e-01 1.000000000000000000e+00 1.000000000000000000e+00 1.000000000000000000e+00 1.000000000000000000e+00 1.000000000000000000e+00 1.000000000000000000e+00 1.000000000000000000e+00
1.000000000000000000e+00 7.845029994222362246e-01 6.185648523840676649e-01 1.000000000000000000e+00 1.000000000000000000e+00 6.185648523840676649e-01 1.000000000000000000e+00 7.508872577274092741e-01 6.185648523840676649e-01 1.000000000000000000e+00 1.000000000000000000e+00 1.000000000000000000e+00 1.000000000000000000e+00 1.000000000000000000e+00 1.000000000000000000e+00 1.000000000000000000e+00
1.000000000000000000e+00 7.845029994222362246e-01 6.185648523840676649e-01 1.000000000000000000e+00 1.000000000000000000e+00 6.185648523840676649e-01 1.000000000000000000e+00 7.508872577274092741e-01 6.185648523840676649e-01 1.000000000000000000e+00 1.000000000000000000e+00 1.000000000000000000e+00 1.000000000000000000e+00 1.000000000000000000e+00 1.000000000000000000e+00 1.000000000000000000e+00
1.000000000000000000e+00 7.845029994222362246e-01 6.185648523840676649e-01 1.000000000000000000e+00 1.000000000000000000e+00 6.185648523840676649e-01 1.000000000000000000e+00 7.508872577274092741e-01 6.185648523840676649e-01 1.000000000000000000e+00 1.000000000000000000e+00 1.000000000000000000e+00 1.000000000000000000e+00 1.000000000000000000e+00 1.000000000000000000e+00 1.000000000000000000e+00
